Date: 2024-02-21 11:41:51.471215 ,Interval: 3.937 ,Type:Drowsy
Date: 2024-02-21 11:47:10.458794 ,Interval: 3.666 ,Type:Drowsy
Date: 2024-05-01 09:55:14.395272 ,Interval: 2.016 ,Type:Drowsy
